01010011 10100100 10010111 10010000 01111100 00101111 01110111 00110010 
10001111 00010101 11111111 11100000 01010111 01101111 11100000 00111101 
01100010 00011011 01111011 01111011 00101111 10110100 01110100 00110011 
10011100 10011101 00110001 10000110 11110000 11101111 10111000 01101001 
10001000 01011100 11010111 01101001 11010101 00011100 01100110 01011111 
11001101 00110000 11100110 00110110 11110010 11111110 01011100 01101000 
00100011 11111000 11110110 11000000 01011010 01110100 11011101 10001110 
01011111 00101011 01000100 10011110 00110110 00111101 10001101 00101001 
01011010 11010011 11110000 00001010 00011000 00110111 00111011 01001001 
01100100 01010001 01111110 01111110 11110011 11011011 11010000 11110010 
11000001 11000100 11100101 11010101 00110010 10010110 10010100 10000111 
11101111 01101111 11011110 01110010 10000111 00011001 11001010 11011010 
10111110 10110000 00010010 00010101 11111011 01110111 10101001 11000110 
00111010 10101011 00010110 10010010 10110100 10011101 00010101 00000100 
00100001 00000110 11110010 10111010 00111100 11000110 00101000 10111111 
11000110 01100000 10000000 10110000 11101000 00100100 10011110 11011001 
00110111 10011010 00110001 10100100 01010011 11110111 01000010 10111001 
11010111 01001100 11010000 11111010 00000110 00101101 10101000 00011100 
01000111 01001111 11001011 11010111 11110101 01111100 00010000 00111000 
01001001 01110011 01010101 01000001 11011001 10110111 00110100 01101001 
00011011 10011110 00100001 11101111 10100010 01111110 01010111 10110000 
00010011 11110000 00000111 00100001 00010110 01101010 10101011 00010111 
10110111 10010100 10101100 10011000 11100111 10000010 01100001 01111100 
11110011 01101000 10000001 11001101 11010111 10000110 11010101 10000010 
00111010 01100100 10101111 11101111 11110111 10010101 10010101 11100011 
00011100 10100110 10010100 10011001 11110100 00001001 01001011 10000100 
01111001 10111000 10000000 10011000 10010110 00001001 01011100 10000011 
00101010 01100001 10110001 00010110 10001101 01001101 00100001 01011000 
01110101 01001101 00101111 11101010 01110111 10001001 10110101 10011111 
10100110 00011011 11111101 01110001 10000111 00011111 10111110 00010111 
11101111 10111011 00110110 11010010 11010101 10000001 10100111 11000110 
11011010 11100110 00000010 01010100 01101110 01010100 01111101 11011111 
01110000 10000110 01111011 11111111 01000111 11101101 01100000 01100010 
01101101 10101001 01101101 01101010 11111111 00101010 00101011 00110010 
00100111 00000010 00010110 01010010 00000111 11000101 10110101 10011100 
01011111 01110100 11010011 00011010 11110010 01000000 01001111 10000101 
11100001 00000111 11000110 00001101 00101011 01111111 01100001 00011101 
00010010 10111000 00001100 01110111 10000111 01001101 01111101 01001001 
01100100 10011010 00101100 11010100 10011010 10001100 11000110 00111000 
00100110 10000110 10110011 11001100 00101111 00010110 00000101 11010011 
00010010 11110011 11011011 00110001 10111010 11011110 01011101 01001001 
10100001 01011100 11101011 01111011 00110001 11111110 00101110 00110001 
11111111 00001000 00110100 11110101 10000000 00101100 00111010 01111100 
00110111 00100101 01101010 00011011 01100010 00111011 10101101 11100000 
10100000 01001100 01000000 00010010 10010101 11110100 11011010 00001110 
01111101 01010010 00011010 00010001 11010100 11001001 10100111 01001010 
00100101 11001011 11000000 10001010 01110010 00100010 00011001 10101101 
10001010 10010101 11111100 11001010 00110010 01001000 00101110 11110110 
01111001 00001111 00110011 01101010 10011011 11001110 01101000 10011111 
00000000 11000000 01101010 11000011 01011011 00000101 01000111 10011011 
11011110 10100010 01111111 10101000 00111011 00100111 11011110 11111001 
10010101 10001010 00000001 10001111 10101001 00101101 11001011 00010110 
00011000 10011111 10101110 11010001 11000000 00010111 01001101 10100001 
01110110 10101001 01010100 11111010 01110111 10000111 01110010 10001010 
11111110 10111110 01000101 01010110 00110001 01110000 10001100 00100010 
10111001 10000000 11111101 10011100 11000111 00011001 10001101 10001100 
01111111 10110110 10101000 10111101 11001011 11011011 11001101 00111010 
01001001 10010101 01110000 01000001 11001100 01011010 11101001 10101101 
01101100 10111100 11100010 11010100 00110000 01101110 00010010 11101111 
11010000 00110111 11110011 10110111 11000111 01011111 00001110 00101110 
11111110 00010101 01001100 11000010 00011111 00001000 11110101 11101001 
00010100 00011001 11101001 10100111 01101101 01000001 01010110 11111100 
00110001 10010110 01011100 01000110 10101001 10100011 10100010 11000000 
00010110 01100000 11001101 11111001 11001000 11010000 00110111 01111111 
01101010 11001101 10010001 11110010 11111001 01110110 01010101 11011010 
10011010 10001010 01110011 00001011 00100010 11000110 01101111 10110001 
01111011 01001010 01110110 01000011 01011111 10100111 01011001 10011010 
01001110 11000110 11100000 01000001 01010010 11100000 01001111 00001101 
00110000 11101011 00111000 10100101 10000110 10010101 11100001 10010101 
11101010 10011000 01101011 11011010 10110001 00101101 11110010 01000110 
01000001 10000110 00001000 10000001 10101110 11101111 01111000 11001110 
00111101 01111111 00000011 00110111 00110000 00000011 11100000 01011010 
01111000 10010000 10110111 10001011 01010100 11111100 10011000 00001101 
10110111 00100111 10001100 01100000 11011011 11000000 00101001 11000010 
10001001 10100000 00111000 10101011 00100000 00111100 10100000 00110111 
00100001 01010000 10101001 00010010 10010101 00001100 10000101 11010110 
11011001 11110001 10001101 00100011 00110111 11111111 11110000 01110100 
11110010 10001000 11101001 10011001 00011010 11010000 11000110 01111100 
10000101 00001101 00110000 01011010 11101111 10110100 01010001 01000001 
10101011 11111001 00001110 10000001 00101100 11010001 00000110 10100010 
01011110 01011101 10000011 01001101 00000110 11100001 01010101 01110011 
10011000 10000011 01010001 11101101 01110010 10100101 01000110 00010101 
10101011 10010100 10000011 00101000 00100110 01000011 11001100 01111100 
00111101 10110001 01010010 00010010 11101000 01001111 00010011 00110111 
01001001 01101000 11001000 10011101 10101100 10101010 10010101 00111010 
11010000 00011000 10010000 01000101 00111011 10100101 00010111 11110010 
01011101 00001010 10011000 11011100 00011001 01100011 11000100 01101000 
00010111 10001001 11111011 11011111 10001101 11110110 01011101 00011101 
11010011 11100110 10110101 10000011 00100111 00101111 11101110 00011100 
11101110 11001111 01111010 00101000 10000110 01110111 00011101 00100110 
11010101 10000001 11001001 10111100 01010110 11010100 10100000 11101101 
11101001 00010010 11011101 01100111 01101000 01001101 00011000 11100000 
01001110 01001000 10110111 00000001 00111000 11101011 10111010 11110111 
01011010 00111010 01001100 00000110 00110100 00001010 11000010 11101001 
10001111 10010011 01011001 00000111 01001110 00001001 01100010 01001110 
00100111 01110001 11101100 01101101 11011000 00010010 01000100 01110100 
11010001 00111010 11111001 10101001 00111000 00100100 10011100 00011001 
01001110 00100010 01001010 10011011 11110111 11001011 01011010 00011001 
11000011 00110100 01110100 01001000 10110001 11010100 10011101 00011001 
10011111 01000011 00010110 10001001 11101001 10000101 11110001 11110000 
10100100 01011010 00100100 10100111 10010010 00100111 00100100 11101101 
10110110 00001110 00101100 11011001 00110100 00011000 01001010 00100110 
00011000 10001000 10001100 00110010 10100010 10100111 00111011 11000001 
11101110 01001000 11001010 00000010 01000010 00010011 11001010 10111111 
11001011 10110101 10001011 10100110 00111001 11101110 01000011 11100101 
01111000 10010110 00011000 10001111 11101101 00101100 11111001 10001110 
11000011 00110101 00011110 11110111 11101010 11110000 00110101 10111011 
00101010 11110000 01110000 01001001 11101111 01010101 00111101 01011001 
00000110 11000010 11000111 00011001 10100010 10100000 11011101 11111101 
01000011 11010101 11101011 00010001 01001000 11101001 00100111 01111010 
10100111 01010111 11001100 10011011 10010101 10101000 10000111 10101000 
01011000 10011000 11000000 00100110 01100001 00100010 01010100 11111011 
01001100 01101000 01111101 01000011 10100010 00110000 11110110 10100100 
01000001 01010100 11100101 10011110 10100111 11100010 11100110 11110011 
10001000 00100010 01100000 10101111 11100001 00100110 11110110 11011111 
11100110 11111011 10101001 01011001 01001000 00100000 00110011 00011100 
10000000 01010101 10111000 00001111 01000111 01101101 01010001 01010011 
00011110 01011001 01011111 10000000 11000010 01111011 00000011 10011101 
01001010 01011010 10010001 01001011 10000011 00001010 01000000 11011101 
01111110 10110011 01000111 00001100 11000110 00100001 10110100 01111100 
01110000 10110101 00011100 10000011 11101011 11000100 00111101 00101110 
11001001 00001110 01001000 00111111 11110001 10111101 11011110 01001010 
10010111 11010011 10111001 10001100 01110111 01110000 11011100 00001101 
11011000 11100110 00001100 11010011 11011100 11101101 01010010 10100010 
01001001 00101100 10001110 00111101 00000101 11010011 00011101 00101100 
